-0.00010284169647434283
-0.00010284169320584624
-0.00010284159721152264
-0.00010284169606222804
-0.0001028416919481856
-0.0001028416948329891
-0.00010284168315877196
-0.00010284169577801094
-0.00010284169624696915
-0.0001028416961048606
-0.0001028415295678542
-0.00010284169664487308
-0.0001028416962078893
-0.00010284167416330092
-0.00010284169646901375
-0.00010284154839723669
-0.00010284169316676639
-0.00010284167713336956
-0.00010284168994445508
-0.00010284120524062246
-0.00010284169281149502
-0.00010284168875074329
-0.0001028416871449167
-0.00010284169651697539
-0.0001028416249653219
