-1.6761204715720623e-05
-1.6769278932571297e-05
-1.6708533205900267e-05
-1.6944099034077453e-05
-1.6950992737463366e-05
-1.6839691255654543e-05
-1.6775604469998484e-05
-1.712091439287633e-05
-1.6846655313429437e-05
-1.690650602625965e-05
-1.6743644032146676e-05
-1.6957113892601683e-05
-1.6920023490740732e-05
-1.6485940321331327e-05
-1.668091575979247e-05
-1.6802317375663733e-05
-1.6616187913598424e-05
-1.678872866861525e-05
-1.6721366630001455e-05
-1.6931011983079003e-05
-1.6975865022139658e-05
-1.7095186310100985e-05
-1.691413359239391e-05
-1.693653914358606e-05
-1.6791040430064186e-05
