-4.824410001802448e-05
-4.826495238141604e-05
-4.822947882843209e-05
-4.8244497570237854e-05
-4.825937543628811e-05
-4.8254480930154386e-05
-4.826559140269637e-05
-4.8266200526114744e-05
-4.825902112770564e-05
-4.825982302847365e-05
-4.82612475245503e-05
-4.8264679612941563e-05
-4.826047880279738e-05
-4.823646318641295e-05
-4.8259208909939844e-05
-4.826486750886261e-05
-4.82624573194812e-05
-4.8266085300952e-05
-4.8254556283211514e-05
-4.825508579742177e-05
-4.825920999707023e-05
-4.818773024339862e-05
-4.8257267067697285e-05
-4.824616272713911e-05
-4.82640698677983e-05
