-11.855307735327742
-0.16742271141000464
-52.88956736351776
-0.16864428085865013
-0.16861225789906742
-0.1686601347289367
-0.16818098817027338
-0.09219109626263311
-0.16641315495158282
-0.16855493098431262
-0.1662960831909872
-0.1657574389947858
-0.16879915493506936
-28.25902514374818
-0.1681344930002624
-0.16735918097909708
-0.16666956551372425
-1.616281928177054
-1.4280307565620807
-0.16880530117016468
-0.16372047010564073
-0.09206115762258649
-0.16600395745730068
-0.16752625517468434
-0.16877895214038152
