0.010855265018702598
0.010855265018702598
0.01085526501870282
0.01085526501870282
0.010855265018702598
0.010855265018702598
0.010855265018702598
0.01085526501870282
0.010855265018702598
0.010855265018702598
0.01085526501870282
0.01085526501870282
0.010855265018702598
0.010855265018702598
0.01085526501870282
0.01085526501870282
0.010855265018702598
0.01085526501870282
0.010855265018702598
0.01085526501870282
0.010855265018702598
0.01085526501870282
0.010855265018702598
0.010855265018702598
0.01085526501870282
