1.509634515676067e-17
1.719332345339315e-17
4.9095216907328627e-17
7.34099191309612e-19
1.994782575456898e-18
2.3314760666157224e-18
3.2565518057770067e-18
1.3964546578775634e-20
9.788776429318443e-19
6.4527687309417425e-18
2.5354543817053402e-17
1.5958710711167526e-17
9.628732766169195e-17
7.91477774583936e-18
2.289671662354044e-18
4.317987488745562e-18
3.1984544784337803e-18
1.5066396281069557e-17
5.020724151702293e-17
1.3605697208561772e-18
1.0381471351457067e-18
7.784651643796706e-17
2.0020597947277336e-17
3.838963571575249e-18
1.2353776424442394e-17
