1.9563750449481093e-28
1.5374036226142435e-27
1.262177448353619e-28
1.271175393053796e-28
2.290778113051954e-28
2.8528415080219247e-28
4.257013919315326e-28
4.2440716700890435e-28
1.4782513806743117e-28
3.7353796457379317e-28
3.819196116917664e-28
5.409120619487325e-28
2.1369502365338565e-28
4.707034413840625e-28
4.559616032177448e-28
5.37362187875238e-28
5.282533096102641e-28
1.6725083785849858e-28
1.5896779835367796e-28
2.2852314348121186e-28
2.0955350390097534e-28
1.338228569997582e-28
2.6053363990088323e-28
1.103542450694331e-28
1.7602691542908234e-28
