3.486420074430838e-27
3.486420074430838e-27
3.486420074430838e-27
3.486420074430838e-27
3.5184428968021534e-27
3.486420074430838e-27
3.486420074430838e-27
3.486420074430838e-27
3.5184428968021534e-27
3.486420074430838e-27
3.486420074430838e-27
3.486420074430838e-27
3.486420074430838e-27
3.5184428968021534e-27
3.486420074430838e-27
3.486420074430838e-27
3.486420074430838e-27
3.486420074430838e-27
3.486420074430838e-27
3.486420074430838e-27
3.486420074430838e-27
3.486420074430838e-27
3.486420074430838e-27
3.486420074430838e-27
3.486420074430838e-27
