8.248043305716341e-05
4.419043855989792e-06
0.0018126720457902583
1.663796108204195e-05
1.0515460853095395e-06
2.368552186261999e-07
1.6455911148870018e-10
4.903181605618543e-05
2.8925209908153223e-07
9.934476470236155e-09
7.207075761913137e-06
1.2737658636752848e-11
5.7523178136630854e-06
4.444879046446283e-09
3.5070298205396807e-12
1.1679652755388783e-06
9.514830261537759e-07
6.086948276402203e-10
4.819911417461046e-07
1.1312756995689788e-06
1.3513819229791692e-06
3.1266146139477462e-09
1.3877133521810232e-05
2.3782215902164043e-06
3.603708515373509e-07
