0.010855497909284417
0.01085540526690365
0.010856579793404153
0.010855843586169756
0.010855640408320877
0.010858016679577198
0.02188009977269767
0.010856320340201342
0.010857236968619621
0.010855403486758952
0.044688754588630974
0.010855291334827877
0.010855935498863878
0.01085561276906033
0.013148377393257027
0.011660442129959758
0.010855820294648155
0.010855348824456379
0.012158265053150319
0.010855510715103045
0.01350336460320345
0.010855741575884537
0.010856615232089473
0.01085972751030384
0.010859392652950661
