2.826733031142301e-19
7.828828798661893e-18
1.7305833570727787e-17
1.0394796895077219e-17
5.177965642168659e-18
1.1609402607485567e-17
1.0830855805631535e-18
1.7337048218069e-17
7.375748953292813e-17
8.5460508399697e-17
8.867753315620874e-18
2.8247042114939396e-19
4.0660358822962005e-18
8.402633048535237e-18
1.745116642363386e-17
3.621023190932364e-17
2.2526702536401526e-17
7.473001310123382e-18
1.6388969941582305e-18
1.501222375268372e-17
1.6184335409594043e-18
9.958461973026998e-18
5.845196000206271e-17
3.916744582866739e-18
6.57732321463924e-19
