2.0756902568627873e-29
3.703948469045532e-29
3.457429436163966e-29
0.0
5.439442460531758e-29
3.337867705216406e-29
1.1795935723382942e-29
1.8932661725304283e-29
6.701619908885377e-29
6.808855688188858e-29
1.5777218104420236e-29
0.0
1.1795935723382942e-29
0.0
4.650581555310746e-29
2.5107963498987516e-29
7.490480814106389e-29
4.40406252242918e-29
1.1795935723382942e-29
3.155443620884047e-29
2.441771020691913e-29
1.1795935723382942e-29
9.33074539456728e-30
1.0255191767873153e-29
9.939647405784749e-29
