2.1200636827814692e-28
4.113046804112491e-28
3.308408680787059e-28
3.9621771559889726e-28
2.44756421796463e-28
3.791955763784251e-28
2.5718098105369393e-28
2.549130059511835e-28
1.7566946283140407e-28
1.3954209856261054e-28
1.6774387592426171e-28
5.361788965174065e-28
1.743382600538436e-28
2.0648434194159984e-28
2.4198308267654537e-28
6.908449377473011e-28
5.38311286151832e-28
1.8316364143100368e-28
3.4859023844617867e-28
2.4386895327808935e-28
2.38778335249085e-28
1.4585298580437864e-28
1.3647293660323504e-28
2.8074820059717165e-28
3.676091818329915e-28
