2.0969133545491194e-19
1.2263449310707537e-18
6.077944011676828e-18
3.471951725589588e-18
8.08565097902923e-18
1.7020993907604792e-19
8.335976460909445e-18
3.8565862971728476e-19
7.021251782115706e-19
2.3215863320723777e-18
1.6271428385011123e-18
4.434136142433737e-18
1.9443736769787507e-17
6.772719428756052e-19
1.4424565414766041e-18
1.0302123741107235e-17
1.3743527259083318e-17
3.43687340399589e-18
2.26735276606806e-18
2.3290258136034865e-18
1.9149448744206286e-19
8.70665248918051e-19
1.7238180755622687e-19
1.6151378897853463e-18
3.800858754736901e-18
