2.524354896707238e-29
0.0
6.015064402310215e-29
9.959368928415274e-29
9.328280204238465e-29
4.6542793408039697e-29
1.4988357199199224e-29
5.99534287967969e-29
7.178634237511207e-29
6.310887241768095e-30
4.338734978715565e-29
2.3665827156630354e-30
2.3863042382935607e-29
0.0
0.0
6.646153126487024e-29
4.1020767071492614e-29
4.1020767071492614e-29
8.066102755884846e-29
2.7610131682735413e-29
1.262177448353619e-29
6.310887241768094e-29
6.310887241768095e-30
3.7865323450608567e-29
5.99534287967969e-29
