8.929905447101854e-28
5.9164567891575885e-28
5.273535151402464e-28
2.8438435633217476e-28
3.7746994314825415e-28
2.6979042958558604e-28
5.415530114342246e-28
5.806016262426647e-28
6.01900870683632e-28
9.959368928415274e-28
9.833151183579912e-28
7.466568467916877e-28
7.604619126330554e-28
6.551489817860503e-28
5.001378139101215e-28
6.01900870683632e-28
7.65589508516992e-28
3.064724616783631e-28
4.322957760611145e-28
2.2443092753537786e-28
5.352421241924565e-28
2.3074181477714595e-28
4.3742337194505105e-28
2.6387397279642845e-28
8.476310426599772e-28
