2.2002963920641916e-14
3.848677015405687e-13
2.2969070479220373e-13
3.354567126494067e-14
6.252057627727466e-16
7.649050695286035e-14
5.3412070821516386e-14
2.2019288642308074e-14
6.962086281295516e-16
2.103749569058781e-12
1.581163036057264e-14
1.4776553759091882e-14
3.029969791207764e-13
1.9891622995596203e-13
2.7780738857997437e-13
4.2449721843971767e-13
1.6187472279220213e-14
2.3581258632626372e-11
1.943837169180803e-13
8.760400796476256e-13
2.634036799548491e-15
7.390776530475044e-15
1.0305117387844278e-15
1.5671077672325096e-13
3.0416666561940836e-15
