0.0034399124140560102
0.005563130327598749
0.0006055203251526847
0.0029173256578320875
0.0005430355666004881
0.004959775064378895
0.003926172794295303
0.000781328028217126
0.00264915151993216
0.001903557314172951
0.0017234917792314137
0.0009762014904442502
0.0034301801347302505
0.003778337619919609
0.0056210934255754115
0.001889442311798107
0.0
0.003533768556254639
0.004208453980538591
0.004480501696441854
0.0007084813236032977
0.004083856732852683
0.0018067589524327857
0.0026511806524181225
0.0031650456431943463
