0.0018515125364364394
0.005762094570119325
0.001036251436605562
0.002169687287920874
0.0010876140084723374
0.005436244311542759
0.0018474388766127503
0.0009789470745606877
0.0001670711120060787
0.01683731017803657
0.00031621184391260614
0.004278304338573002
0.00022071896588092842
0.0025271099562507063
3.008537383996099e-05
0.0031693600441717765
0.004379258004224107
0.002557438884398289
0.00025424200942202334
0.0005633051820585933
0.0021222894949095464
6.199340984712762e-05
0.007458744927877114
0.0015985017855404294
0.002844805130681516
