-0.0013483997249252866
-0.0013483997249252866
-0.0013483997249252866
-0.0013483997249252866
-0.0013483997249252866
-0.0013483997249252866
-0.0013483997249252866
-0.0013483997249252866
-0.0013483997249252866
-0.0013483997249252866
-0.0013483997249252866
-0.0013483997249252866
-0.0013483997249252866
-0.0013483997249252866
-0.0013483997249252866
-0.0013483997249252866
-0.0013483997249252866
-0.0013483997249252866
-0.0013483997249252866
-0.0013483997249252866
-0.0013483997249252866
-0.0013483997249252866
-0.0013483997249252866
-0.0013483997249252866
-0.0013483997249252866
