0.00011205512969070242
0.0003277143659445869
1.8675079681784723e-05
0.0004029619389553929
-3.630071113924771e-06
9.35706993390184e-05
0.0002597208146148944
0.0002732000834280157
0.0005052019863237556
0.00020038023662749538
0.0002871762254912369
0.00012340347837769272
4.1182195138822486e-05
1.3565328089271134e-05
0.0003983937919009861
0.0001133248892126737
0.0004057805472807985
0.0002799725581699164
0.00030502513241437157
0.0003704557565002986
0.0002133811766857896
0.00022451424121605612
0.000176853661727705
0.00017212954071688102
-3.4543773537620837e-05
