-0.0002839809124672854
-0.0002839809169872254
-0.0002839809168637686
-0.0002839809170697011
-0.0002839809166079732
-0.00028398091701298256
-0.00028398089242287483
-0.00028398091445680507
-0.0002839809154551176
-0.0002839809136361282
-0.0002839809170804841
-0.00028398087876269074
-0.0002839809042645136
-0.00028398091225056987
-0.0002839809122381354
-0.00028398089354997325
-0.0002839805326928513
-0.0002839809141623739
-0.0002839808997343596
-0.00028398060663192837
-0.0002839809026475848
-0.0002839808087884421
-0.00028398091432535466
-0.000283980911076398
-0.0002839809156336415
