-0.00012759916012283767
-0.00013446325284194316
-0.00013415970117880427
-0.00013341680460143834
-0.00013116602169205294
-0.00013000601378809762
-0.00013410521520995644
-0.00013377224122290698
-0.00013350240355070042
-9.486215651510754e-05
-0.0001344227380419838
-0.00013301823292621862
-0.00011897941722160965
-0.00013214468319144856
-0.00013435149508644884
-0.0001339485988716138
-0.0001340522843817915
-0.00013377527983604587
-0.0001344440738444419
-0.00013394312587866608
-0.00013202886107654965
-0.00013420861145174712
-0.00013432903213850267
-0.0001165130894085209
-0.00013421147806225164
